00000
00001
00002
00003
00004
00005
00006
00007
00008
00009
00011
00012
00013
00014
00015
00016
00017
00018
00022
00023
00024
00026
00027
00029
00033
00034
00035
00036
00038
00039
00044
00045
00047
00048
00049
00056
00057
00058
00059
00066
00067
00068
00069
00077
00078
00079
00088
00089
00099
00111
00112
00113
00114
00116
00117
00122
00123
00134
00144
00148
00157
00158
00166
00167
00168
00177
00178
00188
00222
00233
00236
00269
00277
00279
00299
00333
00335
00336
00338
00344
00345
00348
00359
00366
00369
00388
00389
00399
00444
00445
00447
00448
00457
00478
00479
00489
00499
00566
00567
00577
00588
00589
00599
00666
00667
00668
00677
00678
00689
00699
00777
00778
00788
00799
00888
01111
01112
01113
01122
01177
01444
01666
01667
01677
01777
03444
04444
06666
06667
06677
06777
06778
07777
07788
07888
11111
11112
66677
69999
The number of solved numbers: 139
